12
0.00	51.00	62.00	49.00	51.00	59.00	40.00	52.00	87.00	98.00	45.00	59.00	
51.00	0.00	61.00	79.00	33.00	18.00	63.00	76.00	27.00	95.00	91.00	39.00	
62.00	61.00	0.00	42.00	70.00	18.00	45.00	53.00	50.00	99.00	76.00	47.00	
49.00	79.00	42.00	0.00	81.00	92.00	29.00	69.00	10.00	77.00	30.00	11.00	
51.00	33.00	70.00	81.00	0.00	31.00	86.00	70.00	74.00	43.00	41.00	33.00	
59.00	18.00	18.00	92.00	31.00	0.00	26.00	48.00	95.00	85.00	62.00	87.00	
40.00	63.00	45.00	29.00	86.00	26.00	0.00	87.00	18.00	92.00	85.00	19.00	
52.00	76.00	53.00	69.00	70.00	48.00	87.00	0.00	68.00	57.00	53.00	98.00	
87.00	27.00	50.00	10.00	74.00	95.00	18.00	68.00	0.00	50.00	58.00	85.00	
98.00	95.00	99.00	77.00	43.00	85.00	92.00	57.00	50.00	0.00	20.00	25.00	
45.00	91.00	76.00	30.00	41.00	62.00	85.00	53.00	58.00	20.00	0.00	72.00	
59.00	39.00	47.00	11.00	33.00	87.00	19.00	98.00	85.00	25.00	72.00	0.00	
